1 5
2 17
3 37
4 5
5 101
6 5
7 197
8 257
9 5
10 401
11 5
12 577
13 677
14 5
15 17
16 5
17 13
18 1297
19 5
20 1601
21 5
22 13
23 29
24 5
25 41
26 5
27 2917
28 3137
29 5
30 13
31 5
32 17
33 4357
34 5
35 13
36 5
37 5477
38 53
39 5
40 37
41 5
42 7057
43 13
44 5
45 8101
46 5
47 8837
48 13
49 5
50 73
51 5
52 29
53 17
54 5
55 12101
56 5
57 41
58 13457
59 5
60 14401
61 5
62 15377
63 15877
64 5
65 16901
66 5
67 17957
68 53
69 5
70 17
71 5
72 89
73 21317
74 5
75 22501
76 5
77 37
78 24337
79 5
80 25601
81 5
82 13
83 17
84 5
